Matriz 1
2 6 0 5 1 9 8 0 6 8 1 1 7 4 7 8 0 8 3 0 5 5 2 5 0 8 9 4 5 6 8 5 1 1 1 0 2 1 4 7 
0 0 0 9 6 9 1 5 1 0 0 0 9 2 8 1 9 1 1 6 9 5 3 7 2 9 1 9 2 7 5 3 6 4 9 8 8 3 7 8 
3 5 0 0 0 6 9 2 6 5 0 5 0 4 6 0 4 7 6 8 6 6 6 3 8 9 5 1 8 6 2 5 5 1 1 3 8 4 0 7 
9 1 6 9 0 0 5 1 9 6 5 1 1 1 5 3 7 8 0 1 6 7 8 6 2 3 2 3 0 0 5 2 0 0 4 7 5 6 2 5 
4 5 5 5 5 4 9 7 1 6 0 9 7 3 9 7 0 4 3 2 5 3 5 0 1 5 1 1 4 1 4 0 4 2 6 1 6 2 7 2 
0 2 6 9 0 5 2 4 3 7 5 6 2 7 1 2 0 3 2 0 7 2 4 8 6 9 3 7 6 1 5 0 2 5 0 1 4 0 3 9 
6 6 8 2 2 3 9 3 1 9 7 2 4 5 4 2 8 2 7 5 0 7 8 4 3 5 4 8 3 3 0 9 7 9 0 4 8 3 5 9 
5 5 4 2 6 6 2 7 2 6 4 5 5 4 8 5 9 6 5 3 6 0 8 2 8 4 2 0 8 4 9 5 1 6 0 9 4 0 2 6 
5 5 0 9 3 0 4 7 6 3 7 8 6 7 4 1 4 9 8 6 3 8 5 6 0 2 5 1 2 4 2 8 8 4 9 1 2 3 4 1 
0 5 6 2 5 7 8 8 7 6 9 1 9 9 6 2 6 5 6 2 7 3 0 3 1 6 1 4 7 7 8 0 9 8 4 1 3 9 2 2 
8 6 3 1 6 5 1 1 5 0 3 4 9 3 0 7 8 0 8 5 3 1 9 6 7 6 9 2 6 5 2 7 0 8 2 4 5 1 5 0 
6 6 9 8 3 8 0 2 7 2 7 6 6 0 9 3 1 6 9 2 2 4 8 6 1 5 5 2 3 3 7 1 2 3 4 8 6 1 2 0 
8 4 2 7 1 1 2 9 4 8 8 9 2 1 3 0 2 7 4 2 8 8 0 7 1 9 5 7 3 5 4 2 3 3 5 8 4 7 5 3 
5 9 2 9 8 6 3 3 9 9 4 1 6 7 9 0 6 7 7 0 6 2 7 9 4 5 9 1 0 1 4 6 5 2 3 2 2 0 2 0 
1 9 5 0 2 8 8 8 9 2 7 3 3 1 4 6 9 9 7 3 6 7 7 0 2 0 9 1 8 2 7 1 6 5 6 7 1 7 4 6 
4 0 1 8 9 5 1 7 2 4 2 1 8 3 2 5 9 2 8 3 5 8 8 8 8 9 8 7 4 5 3 6 8 6 5 8 9 2 2 0 
7 5 3 6 5 8 4 3 7 2 3 8 7 4 3 3 5 0 1 9 0 6 4 9 5 7 2 2 8 2 4 6 6 9 7 7 7 4 7 7 
7 2 2 2 5 5 3 1 3 0 1 0 5 4 9 8 7 9 6 3 1 5 5 8 8 0 0 2 6 9 9 6 9 0 3 1 7 2 4 4 
3 7 7 9 0 3 8 0 0 8 7 0 0 2 7 3 4 4 4 9 7 7 4 7 1 2 9 8 9 7 0 8 5 8 9 9 1 5 7 6 
0 0 5 2 0 4 5 6 7 4 3 6 2 5 7 1 2 1 3 5 5 5 1 3 8 9 2 1 2 6 9 8 1 0 5 0 4 5 0 9 
7 4 0 6 3 1 5 6 3 3 4 3 4 9 8 8 0 8 2 5 2 1 1 5 6 7 7 2 2 1 3 9 4 8 6 5 3 7 5 2 
4 7 5 8 4 1 8 2 2 4 7 1 9 8 3 2 6 2 0 1 1 1 7 7 9 1 4 2 1 1 4 6 5 4 1 0 1 4 0 1 
6 1 5 7 5 5 7 2 1 0 7 7 7 1 7 0 7 8 6 3 0 2 1 4 6 9 7 4 0 3 1 2 6 4 2 5 8 2 6 6 
2 8 4 4 3 3 3 4 2 6 7 7 2 7 9 5 3 1 0 6 6 9 0 3 5 9 4 8 9 8 2 9 0 8 1 6 6 0 4 1 
6 2 8 8 9 5 4 1 9 9 6 1 7 1 8 1 4 6 5 1 4 7 6 7 0 0 8 3 4 8 0 8 4 0 2 5 3 1 4 7 
9 7 2 6 6 2 6 2 8 4 7 0 7 1 3 1 1 4 8 1 7 4 5 9 2 7 9 1 1 9 6 3 1 2 1 8 8 7 1 8 
5 7 4 1 6 6 6 1 0 9 0 3 5 3 2 4 0 2 3 4 9 3 2 4 1 7 4 1 4 9 9 5 6 5 4 2 5 2 5 2 
2 9 3 9 8 7 3 8 3 2 7 4 5 2 4 8 8 5 3 3 4 0 3 0 5 5 0 7 7 7 8 1 6 7 3 2 3 8 4 5 
2 6 4 1 7 7 7 1 7 4 3 2 0 7 9 6 6 0 8 6 4 1 6 7 6 7 0 0 0 7 1 4 7 2 8 4 5 5 2 8 
8 4 9 2 3 2 4 5 3 2 7 5 3 8 7 0 7 5 0 8 9 9 7 2 2 4 2 5 5 5 2 8 0 8 5 6 6 5 3 9 
1 9 7 0 2 7 4 6 2 9 2 7 4 8 9 6 5 5 4 7 5 1 3 8 5 7 5 9 6 0 7 9 5 7 6 6 0 3 0 0 
0 6 4 9 7 0 7 1 0 5 4 0 4 1 6 1 4 6 7 1 6 3 6 1 3 3 0 6 8 1 4 4 2 6 1 7 2 6 8 4 
3 3 2 2 2 8 5 6 8 2 4 0 3 6 3 4 2 6 2 7 1 2 1 8 4 2 4 5 0 2 7 3 9 6 9 7 4 9 1 8 
1 4 4 7 8 9 1 6 6 3 3 8 3 4 8 1 2 1 2 2 1 7 7 2 0 3 7 2 2 6 8 5 7 0 6 9 7 1 4 2 
2 2 0 3 3 6 2 6 9 9 3 6 9 5 4 2 7 9 2 4 7 1 3 1 5 1 4 9 6 1 8 0 1 8 7 1 5 5 1 4 
0 9 6 1 8 6 9 5 7 6 7 0 1 5 5 2 9 1 3 0 7 9 3 9 1 9 6 5 0 5 5 0 1 4 3 8 2 9 5 2 
7 1 6 6 1 1 8 7 4 8 6 0 6 0 1 2 8 5 1 0 2 3 6 4 4 0 8 3 1 8 9 2 3 2 8 1 0 2 9 9 
8 8 1 3 8 6 3 5 9 5 5 1 5 4 4 0 5 4 3 9 1 9 0 3 6 1 6 1 1 7 1 0 0 4 4 7 5 3 2 0 
6 2 8 5 1 5 5 3 4 3 5 7 8 0 1 1 4 2 1 4 3 1 8 8 6 4 1 5 6 2 8 4 3 9 6 1 4 3 9 7 
3 8 7 6 3 0 5 8 3 6 0 4 2 1 0 0 3 0 5 3 6 3 2 4 3 9 0 2 4 7 5 0 7 1 8 3 0 0 2 1 

Matriz 2
1 7 6 5 9 9 1 9 2 8 5 8 3 8 9 1 4 2 3 4 9 3 6 0 3 4 2 8 9 4 4 9 5 4 1 6 6 7 6 6 
8 1 7 5 7 6 6 4 9 2 1 5 2 5 9 0 4 9 2 9 5 3 3 5 0 4 0 2 3 2 0 4 4 7 2 0 4 3 3 1 
8 6 7 4 7 7 9 6 8 5 4 0 1 9 4 9 7 4 7 9 5 5 8 2 9 9 7 5 5 4 8 6 2 4 1 7 9 5 8 0 
9 4 3 4 7 2 7 0 2 2 9 4 5 3 8 4 7 5 9 2 1 3 8 9 2 7 4 5 4 7 3 4 2 2 1 2 4 5 2 6 
0 8 9 7 5 2 8 1 9 7 3 7 5 1 0 6 2 5 0 1 7 6 2 8 6 4 7 8 4 4 0 7 4 8 7 4 4 3 2 8 
9 1 6 1 2 7 7 7 8 0 8 1 8 1 9 1 6 7 4 5 7 9 8 9 5 4 7 8 4 7 5 6 5 4 7 9 3 0 9 2 
1 2 5 6 3 7 6 3 0 3 1 3 3 0 5 0 0 8 4 9 0 1 2 0 3 2 8 1 3 7 5 8 4 4 6 0 3 7 9 0 
4 9 3 7 5 7 6 1 8 2 2 5 8 2 5 5 0 6 9 1 2 1 0 0 0 5 9 9 4 8 9 0 1 6 2 9 2 4 4 0 
0 7 7 0 3 4 5 7 3 9 4 1 0 0 3 9 8 6 8 1 8 9 5 1 1 8 0 4 9 7 7 8 9 8 2 2 9 7 9 7 
3 6 6 8 8 0 8 8 5 7 7 2 5 5 2 7 7 2 7 3 0 5 4 7 1 0 0 0 6 3 0 4 5 7 1 2 6 3 5 3 
1 9 0 0 9 7 8 0 2 0 1 8 5 4 7 9 5 3 2 4 1 4 5 4 6 2 0 1 5 8 4 3 0 8 4 5 8 6 9 2 
9 7 8 7 5 7 5 2 1 9 6 2 9 1 2 7 1 3 5 4 0 2 8 5 8 8 3 1 2 4 8 8 9 1 6 9 4 4 0 4 
7 3 7 7 2 8 4 4 2 0 8 7 3 4 3 1 7 5 6 7 6 2 7 6 7 0 8 9 0 8 6 8 9 9 8 5 6 6 6 7 
2 0 6 8 7 4 8 8 6 6 9 0 1 3 2 5 1 0 9 8 7 1 5 9 0 0 9 7 0 9 3 2 4 4 3 9 7 1 1 8 
6 2 0 7 3 6 5 5 2 2 6 9 3 8 1 7 5 4 1 1 2 5 7 6 2 9 3 4 4 4 9 9 2 4 9 2 7 8 0 8 
8 3 3 1 2 6 8 8 3 8 1 3 0 5 1 7 5 2 2 9 8 8 5 0 4 2 2 8 0 9 1 4 0 9 1 2 6 9 3 2 
9 7 2 9 1 8 6 3 1 4 0 4 0 1 4 3 8 0 8 8 8 4 1 3 1 8 5 1 8 3 7 9 9 9 9 7 5 1 3 2 
4 1 6 2 6 9 4 1 0 0 9 0 4 4 1 8 0 1 3 3 1 7 6 0 1 2 0 5 6 8 7 9 8 8 6 5 8 4 2 5 
6 4 1 5 1 1 2 0 1 5 1 6 4 6 8 0 2 3 6 6 2 7 8 6 7 0 4 1 0 8 3 4 3 1 7 8 7 8 3 0 
8 1 8 6 2 0 2 0 4 8 3 5 2 1 1 9 3 7 3 3 9 0 2 1 7 4 8 5 6 9 8 1 1 5 5 2 8 8 8 0 
0 1 7 2 5 3 2 6 7 0 6 9 8 6 0 7 5 1 7 6 9 7 7 6 1 1 2 3 3 2 9 5 9 7 4 8 8 6 3 4 
1 3 9 7 9 7 2 5 3 0 1 2 8 6 2 7 9 1 0 4 4 2 6 9 3 8 2 5 0 6 4 0 8 6 7 2 4 0 3 1 
3 2 3 8 1 9 1 2 8 2 1 0 1 7 2 5 1 3 7 1 0 9 6 5 4 3 6 4 7 7 3 9 2 2 7 2 0 1 6 3 
6 0 4 6 8 5 8 2 8 4 2 5 1 0 5 1 4 0 8 4 0 1 5 2 0 2 6 8 7 8 6 8 3 2 4 9 7 6 4 9 
0 0 0 7 8 3 6 6 9 0 7 2 2 1 4 4 3 4 6 4 8 1 9 8 8 8 2 5 4 4 1 6 6 1 3 8 5 9 9 6 
0 9 0 6 5 6 0 3 4 2 2 0 2 3 1 4 8 3 2 6 3 6 8 3 5 1 7 6 5 6 1 7 9 2 3 1 3 3 8 6 
5 5 1 8 3 2 9 7 5 2 0 8 2 6 3 7 2 4 6 1 1 5 6 3 4 1 2 1 6 6 4 9 8 1 2 5 7 7 6 8 
1 8 2 9 9 9 3 1 5 7 6 2 6 0 4 7 9 1 5 1 0 9 0 6 4 5 1 7 1 4 7 6 6 9 2 7 2 8 8 9 
2 4 4 3 0 5 0 3 1 2 6 8 0 4 2 3 2 2 1 6 5 1 5 5 3 1 9 2 7 1 3 9 4 6 8 2 7 3 4 0 
8 0 4 9 9 6 7 4 7 1 6 3 3 8 7 5 4 6 8 3 0 6 5 1 4 2 2 5 3 2 6 9 5 1 6 7 6 6 7 7 
5 3 6 2 6 4 7 6 6 0 6 0 2 9 7 2 6 2 7 6 4 9 9 5 7 9 4 9 0 7 7 2 6 9 6 1 9 3 3 7 
8 8 7 3 0 7 2 4 8 6 3 6 3 4 4 8 9 8 6 6 2 5 5 6 6 0 3 4 0 6 2 8 3 1 8 9 1 8 7 1 
9 5 2 0 3 6 3 9 4 1 2 6 6 1 3 8 0 5 8 4 6 8 0 1 2 9 2 9 4 5 9 9 1 1 6 0 1 5 9 5 
0 8 2 4 0 5 4 0 5 7 0 7 9 4 2 1 8 6 9 0 3 2 5 5 7 5 3 2 6 2 9 2 7 9 2 9 8 5 5 6 
7 1 4 4 1 3 2 0 8 7 1 0 7 5 0 8 6 0 4 5 1 9 7 4 1 8 7 5 6 2 5 8 1 3 2 4 2 0 7 8 
7 4 0 2 2 7 6 0 5 4 9 5 6 4 2 5 1 6 2 2 7 6 6 3 7 0 2 9 3 5 7 6 1 4 5 0 7 7 0 8 
4 5 8 6 1 8 1 1 1 7 6 0 1 1 2 8 3 4 1 5 3 0 2 0 2 2 0 4 5 4 0 8 7 6 5 0 7 7 6 5 
9 9 3 2 1 7 0 6 0 9 6 7 6 5 4 5 0 7 7 1 8 4 4 2 8 3 5 2 5 5 9 7 4 3 5 7 6 8 6 9 
1 3 5 9 4 4 7 7 9 0 0 2 2 0 0 7 6 2 7 4 1 9 4 2 1 3 1 9 6 7 5 4 7 5 3 2 2 4 1 5 
3 4 5 3 0 4 6 9 7 2 7 6 9 3 0 3 8 0 6 9 5 3 3 7 0 5 5 4 3 7 7 8 0 2 4 6 8 4 6 7 

Resultado 2
717 588 750 790 708 864 840 780 731 489 734 610 583 652 583 755 804 585 803 788 562 843 894 713 514 539 602 788 596 950 743 1034 834 810 743 669 910 794 811 781 
887 725 768 961 697 999 817 643 920 581 823 724 798 595 554 911 934 627 949 765 742 914 890 820 621 766 799 1051 721 978 1011 1140 861 885 902 823 918 851 895 998 
726 632 759 858 655 912 683 706 718 593 739 637 621 597 558 839 669 658 806 778 687 719 860 677 598 624 671 708 726 911 819 1117 848 701 858 724 927 855 919 710 
642 658 671 697 705 884 702 615 608 585 677 537 546 621 522 819 724 471 778 631 600 743 806 566 488 659 496 707 724 848 789 968 708 762 631 605 875 752 733 750 
716 625 749 813 630 855 734 628 680 574 649 569 626 592 476 780 619 581 734 725 552 723 805 615 546 644 665 778 594 844 763 941 712 763 699 607 774 731 689 658 
562 625 620 736 724 761 765 609 738 479 713 507 612 503 503 720 724 441 844 681 500 653 813 720 508 574 600 709 592 829 720 849 709 686 566 740 838 689 748 718 
843 914 831 1042 791 1115 901 770 880 758 704 778 746 699 689 952 921 732 1002 903 689 826 869 798 729 716 734 849 792 1057 928 1177 844 912 886 885 1002 975 1056 787 
823 758 766 909 715 1010 908 712 882 611 829 756 674 743 634 846 774 666 919 829 788 842 978 797 721 703 744 891 749 970 903 1122 834 934 906 862 1044 883 817 791 
881 758 830 897 781 960 815 615 763 681 677 735 741 656 643 961 741 655 972 738 600 809 903 728 600 724 699 842 727 1050 934 1070 814 810 837 851 917 854 847 803 
861 861 836 893 825 1059 947 783 834 663 818 798 780 725 714 932 829 749 1063 882 801 912 938 789 716 765 844 928 762 1053 1078 1125 916 1051 914 916 1110 916 1022 886 
768 735 730 919 636 937 789 644 837 682 590 726 522 638 632 762 775 661 874 765 744 785 915 689 737 566 695 824 739 928 744 1097 870 816 794 854 919 888 880 765 
869 718 736 795 759 978 844 601 764 607 748 653 635 752 700 861 770 657 824 708 625 891 1027 716 718 728 631 864 731 974 867 1079 781 818 793 734 995 857 818 803 
774 876 767 899 915 1003 819 650 774 672 781 742 832 685 649 960 800 613 919 695 610 830 929 697 635 690 608 862 769 962 970 1055 894 858 735 846 987 903 846 890 
806 720 786 922 829 910 946 736 880 613 746 739 621 681 694 866 803 669 976 742 668 896 965 835 562 684 661 850 785 1013 809 1146 883 853 814 819 965 853 849 889 
926 818 832 851 705 1099 949 792 859 640 709 803 784 768 695 974 784 755 986 885 823 1002 967 738 704 821 756 866 836 1080 1083 1184 891 1024 935 843 1094 910 978 781 
913 903 806 1092 833 1100 913 700 966 728 792 812 776 704 692 1001 910 721 1049 803 801 953 1013 880 787 756 824 1072 815 1107 933 1250 978 945 957 944 1006 1003 1023 990 
944 871 938 984 763 1098 912 772 956 821 817 793 791 637 677 967 943 779 1008 884 857 852 1018 836 780 849 870 1047 886 1103 1015 1239 924 936 923 896 1064 962 1038 957 
848 577 762 835 719 985 801 748 772 557 744 653 532 669 627 830 715 574 843 801 722 837 871 656 603 736 650 948 671 963 839 1143 753 808 906 762 933 878 837 815 
977 808 825 1012 850 1046 970 745 965 740 780 910 829 809 689 1076 957 761 1030 873 692 947 1000 848 724 749 761 879 873 1041 1062 1234 815 919 881 883 1100 1043 1035 902 
676 634 684 736 639 774 703 663 731 544 685 520 601 583 501 806 734 555 812 716 591 670 840 661 593 674 654 701 553 852 796 903 706 629 706 749 852 761 833 700 
782 756 701 842 717 936 828 696 786 716 728 741 661 643 564 903 715 678 894 721 688 766 902 671 643 624 682 892 704 1017 860 1044 761 807 721 818 941 958 832 897 
667 586 609 752 683 807 776 590 689 490 592 594 463 522 592 644 619 573 830 679 565 569 731 653 551 578 612 681 579 824 658 893 633 687 641 690 749 728 775 679 
785 775 667 888 719 979 828 604 682 570 713 686 673 556 604 838 732 628 824 738 605 747 877 658 686 697 646 827 725 964 869 1135 835 746 807 777 913 893 869 838 
768 807 808 991 866 1007 875 676 872 686 769 756 710 692 604 989 912 705 839 804 679 753 933 830 704 678 671 839 684 921 858 1035 891 920 823 841 1002 932 872 799 
835 778 857 916 816 973 953 762 853 640 789 792 682 730 647 981 876 671 926 746 645 903 932 793 628 686 652 859 791 999 884 1223 817 842 865 818 1011 913 915 863 
783 786 801 881 825 990 878 727 823 647 785 817 684 762 734 835 794 716 924 783 713 847 973 708 677 594 644 868 777 1027 869 1191 874 838 814 793 1093 996 945 960 
727 613 801 804 707 812 766 713 826 559 659 626 624 667 563 756 719 623 810 767 625 789 833 654 602 552 626 805 607 807 747 966 787 771 720 680 861 760 812 726 
913 860 778 878 789 1047 926 701 864 659 798 772 762 675 722 890 828 745 977 826 793 917 899 783 724 814 753 940 746 992 964 1103 829 1014 847 858 994 913 931 858 
856 664 745 862 672 901 856 742 889 725 682 669 643 623 591 878 754 678 897 843 763 867 877 725 622 723 747 843 736 972 851 1139 698 742 833 795 940 881 941 836 
813 856 921 992 815 1130 848 737 909 756 817 800 806 788 599 1049 915 680 963 865 809 810 960 812 722 782 792 887 816 1011 1063 1156 885 955 896 964 1095 926 958 860 
970 818 828 980 824 1053 960 760 974 791 815 759 746 733 666 983 875 736 1011 889 758 922 1004 849 764 765 826 944 746 1046 1013 1153 877 970 876 966 1048 970 959 872 
640 670 629 771 612 820 704 511 682 502 658 676 610 589 509 725 678 584 763 660 551 745 772 712 594 557 591 693 605 799 752 922 683 793 743 619 817 775 671 688 
833 696 718 711 656 917 825 698 813 687 732 644 721 559 594 862 710 656 925 709 739 825 801 630 609 726 696 920 712 1002 973 1019 681 813 725 793 950 865 946 901 
877 715 784 844 704 923 863 649 851 593 735 603 699 649 596 932 721 677 830 654 606 878 887 755 638 761 660 906 651 927 847 1041 748 748 825 684 844 747 779 829 
713 747 787 846 688 913 796 654 728 681 821 638 719 590 540 873 792 568 938 683 695 824 858 749 607 712 660 787 731 902 939 1032 923 997 763 848 991 808 854 865 
761 817 772 943 857 1003 967 723 902 648 651 710 710 667 657 881 842 691 925 800 723 895 883 755 640 707 717 854 767 980 927 1060 896 949 811 808 1001 841 901 883 
713 677 687 864 749 875 893 718 805 492 614 604 616 662 606 798 776 522 966 728 519 820 805 598 523 702 618 793 732 901 860 1020 731 788 668 735 863 757 869 774 
678 635 756 831 752 811 790 583 728 618 652 648 600 562 606 787 680 661 724 599 719 650 769 640 578 631 570 766 709 846 747 896 772 815 693 688 907 775 794 740 
754 751 782 863 704 976 812 669 859 625 692 638 673 611 608 812 848 605 974 777 624 798 920 700 701 759 732 869 775 936 931 1079 818 835 755 840 921 831 939 807 
634 556 593 696 660 666 630 495 702 462 504 475 538 526 512 637 588 506 742 637 487 639 682 520 458 596 589 668 556 657 672 779 598 590 535 557 665 595 693 558 

